1,2,3,4,110,111
5,6,7,8
9,10,11,12,13
14,15,16,17,18
19,20,21,22,23
24,25,26,27,28
29,30,31,32
33,34,35,36,37
38,39,40,41
42,43,44,45
46,47,48,49,50
51,52,53,54,55
56,57,58,59
60,61,62,63
64,65,66,67
69,70,71,72
73,74,75,76
77,78,79,80,81
82,83,84,85
86,87,88,89
90,91,92,93
94,95,96,97
98,99,100,101
102,103,104,105
106,107,108,109
1,2,3,4,110
5,6,7,8
9,10,11,12,13
14,15,16,17,18
19,20,21,22
24,25,26,27
29,30,31,32
33,34,35,36
38,39,40
42,43,44
46,47,48,49
51,52,53,54
56,57,58
60,61,62
64,65,66
69,70,71
73,74,75
77,78,79
82,83,84
86,87,88
90,91,92
94,95,96
98,99,100
102,103,104
106,107,108
1,2,3,4
5,6,7
9,10,11
14,15,16
19,20,21
24,25,26
29,30,31
33,34,35
38,39,40
42,43,44
46,47,48
51,52,53
56,57,58
60,61,62
64,65,66
69,70,71
73,74,75
77,78,79
82,83,84
86,87,88
90,91,92
94,95,96
98,99,100
102,103,104
106,107,108
1,2,3
5,6,7
9,10,11
14,15,16
19,20,21
24,25,26
29,30,31
33,34,35
38,39,40
42,43,44
46,47,48
51,52,53
56,57,58
60,61,62
64,65,66
69,70,71
73,74,75
77,78,79
82,83,84
86,87,88
90,91,92
94,95,96
98,99,100
102,103,104
106,107,108
1,2
5,6
9,10
14,15
19,20
24,25
29,30
33,34
38,39
42,43
46,47
51,52
56,57
60,61
64,65
69,70
73,74
77,78
82,83
86,87
90,91
94,95
98,99
102,103
106,107
1
5
9
14
19
24
29
33
38
42
46
51
56
60
64
69
73
77
82
86
90
94
98
102
106
1,2,3,4,110,111
5,6,7,8
9,10,11,12,13
14,15,16,17,18
19,20,21,22,23
24,25,26,27,28
29,30,31,32
33,34,35,36,37
38,39,40,41
42,43,44,45
46,47,48,49,50
51,52,53,54,55
56,57,58,59
60,61,62,63
64,65,66,67
69,70,71,72
73,74,75,76
77,78,79,80,81
82,83,84,85
86,87,88,89
90,91,92,93
94,95,96,97
98,99,100,101
102,103,104,105
106,107,108,109
1,2,3,4,110
5,6,7,8
9,10,11,12,13
14,15,16,17,18
19,20,21,22
24,25,26,27
29,30,31,32
33,34,35,36
38,39,40
42,43,44
46,47,48,49
51,52,53,54
56,57,58
60,61,62
64,65,66
69,70,71
73,74,75
77,78,79
82,83,84
86,87,88
90,91,92
94,95,96
98,99,100
102,103,104
106,107,108
1,2,3,4
5,6,7
9,10,11
14,15,16
19,20,21
24,25,26
29,30,31
33,34,35
38,39,40
42,43,44
46,47,48
51,52,53
56,57,58
60,61,62
64,65,66
69,70,71
73,74,75
77,78,79
82,83,84
86,87,88
90,91,92
94,95,96
98,99,100
102,103,104
106,107,108
1,2,3
5,6,7
9,10,11
14,15,16
19,20,21
24,25,26
29,30,31
33,34,35
38,39,40
42,43,44
46,47,48
51,52,53
56,57,58
60,61,62
64,65,66
69,70,71
73,74,75
77,78,79
82,83,84
86,87,88
90,91,92
94,95,96
98,99,100
102,103,104
106,107,108
1,2
5,6
9,10
14,15
19,20
24,25
29,30
33,34
38,39
42,43
46,47
51,52
56,57
60,61
64,65
69,70
73,74
77,78
82,83
86,87
90,91
94,95
98,99
102,103
106,107
1
5
9
14
19
24
29
33
38
42
46
51
56
60
64
69
73
77
82
86
90
94
98
102
106
78,81
69,70,71
69,70,72
78,77
77,78
69,70,71
